$ANSIBLE_VAULT;1.1;AES256
35653666303437306563353163356637616338323435366661633634386437653532386436663638
6234326539333431363730666538636130326463633532640a623564363962356330653062636366
39653834643333343362653264656534303939373733376237303631306362656233303663323436
3931303438633835610a643166356135363037666331653365313739313837333435376438386535
64633066653833316331323238376337646563626235666638386563326136346361626438646664
33343061333036303835313934326562386630393638613463376532393735303966633338616238
65323466363265306438653236613933303336333830383431363334383434373134643864623765
32326130326463353765316365336532643035313862313264343063653335333761363330366466
66666265373533386534303366623361333330393461313764626431343836373536623436333434
37656166393439626666666230373863666563623036373930323933613732306533643031313731
64666236336661376335306236383532373337633462336631616461363130623939633331346437
38646538353663333832663631323737623061626237653266633434646165376238663635666562
34643436356336333064643735646132303039616235343933343462303337663539
